1 1 15
225
3.995419
1 30 3 138 33 28 35 108 87 26 79 82 75 24 77 
4 139 32 29 36 163 110 27 80 107 86 25 78 83 74 
31 2 145 166 137 34 135 164 109 88 81 98 85 76 23 
144 5 140 37 170 165 162 111 132 97 106 89 92 73 84 
41 38 169 146 167 136 197 134 105 112 131 96 99 22 91 
6 143 40 141 206 171 148 161 196 133 104 113 90 93 72 
39 42 209 168 147 194 207 198 149 160 151 130 95 100 21 
52 7 142 215 208 205 172 195 192 201 128 103 114 71 94 
43 216 53 210 173 214 193 202 199 150 159 152 129 20 101 
8 51 174 217 222 211 204 191 156 189 200 127 102 115 70 
59 44 225 54 213 182 221 188 203 180 155 158 153 122 19 
50 9 58 175 218 223 212 181 190 157 186 123 126 69 116 
45 60 47 224 55 176 183 220 187 124 179 154 119 18 121 
10 49 62 57 12 219 64 177 14 185 66 125 16 117 68 
61 46 11 48 63 56 13 184 65 178 15 118 67 120 17 
