28 30 40
1545
47.973871
1141 310 49 306 1137 1116 47 304 967 862 45 302 725 846 43 300 661 604 41 298 513 468 39 296 385 242 37 202 161 126 35 128 123 112 33 114 121 110 31 28 
50 307 1142 1117 48 305 1134 1113 46 303 966 861 44 301 724 845 42 299 660 603 40 297 512 467 38 295 384 241 36 201 160 125 34 129 122 111 32 29 116 109 
311 1140 309 1138 1149 1136 1115 1110 973 968 863 726 865 860 847 662 721 658 605 562 565 514 469 460 443 386 243 294 203 162 127 200 159 124 113 130 115 120 27 30 
308 51 1150 1143 1118 1133 1112 1135 1114 1109 972 965 848 727 720 723 844 663 718 659 602 561 564 511 466 459 442 383 240 215 204 163 206 165 154 119 140 131 108 117 
1151 312 1139 1148 1153 1156 1119 1132 1111 974 969 864 859 866 843 728 719 722 657 606 563 566 515 470 461 444 387 244 293 258 239 214 199 158 141 136 153 118 139 26 
52 1147 1152 1209 1144 1197 1154 1157 1120 971 1108 923 964 849 858 851 842 717 664 601 616 607 560 463 510 465 458 441 382 245 216 205 164 207 166 155 142 137 132 107 
313 1228 1145 1234 1155 1208 1159 1196 1131 1106 975 970 951 924 867 840 729 694 615 656 665 600 567 516 471 462 445 388 259 292 257 238 213 198 157 180 135 152 25 138 
1146 53 1236 1227 1210 1233 1198 1129 1158 1121 952 1107 922 963 850 857 852 841 716 693 614 617 608 559 464 509 440 457 290 381 246 217 248 181 208 167 156 143 106 133 
1229 314 1241 1232 1235 1226 1207 1160 1195 1130 1105 976 925 950 855 868 839 730 695 732 655 666 599 568 517 472 455 446 389 260 291 256 237 212 197 148 179 134 151 24 
54 1237 1230 1321 1240 1211 1194 1199 1128 1161 1122 953 962 921 926 919 856 853 764 715 692 613 618 609 558 453 508 439 456 289 380 247 218 249 182 209 168 149 144 105 
315 1322 1239 1242 1231 1320 1225 1206 1193 1200 961 1104 977 954 949 854 869 838 731 696 733 654 667 598 569 518 473 454 447 390 261 272 255 236 211 196 147 178 23 150 
1238 55 1324 1319 1400 1243 1212 1317 1214 1127 1162 1123 960 997 920 927 918 763 792 765 714 691 612 619 610 557 452 507 438 271 288 379 262 219 250 183 210 169 104 145 
1323 316 1507 1244 1325 1318 1399 1224 1205 1192 1201 998 1103 978 955 948 791 870 837 762 697 734 653 668 597 570 519 474 417 448 391 270 273 254 235 174 195 146 177 22 
56 1245 1326 1511 1506 1401 1328 1213 1316 1215 1126 1163 1124 959 996 917 928 947 790 793 766 713 690 611 620 521 556 451 506 437 416 287 378 263 220 251 184 175 170 103 
317 1510 1247 1508 1327 1520 1315 1398 1223 1204 1191 1202 999 1102 979 956 945 916 871 836 761 698 735 652 669 596 571 520 475 418 449 392 269 274 253 234 173 194 21 176 
1246 57 1540 1519 1512 1505 1402 1329 1314 1331 1216 1125 1164 995 958 1023 980 929 946 789 794 767 712 689 594 621 522 555 450 505 436 415 286 377 264 221 252 185 102 171 
1541 318 1509 1248 1537 1518 1521 1504 1397 1222 1203 1190 1101 1000 1055 994 957 944 915 872 835 760 699 736 651 670 595 572 503 476 419 422 393 268 275 190 233 172 193 20 
58 1249 1544 1539 1522 1513 1526 1403 1330 1313 1332 1217 1054 1165 1024 1001 1022 981 930 933 788 795 768 711 688 593 622 523 554 421 504 435 414 285 376 265 222 191 186 101 
319 1542 1251 1536 1527 1538 1517 1396 1503 1334 1221 1168 1189 1100 1053 1056 993 932 943 914 873 834 759 700 737 650 671 552 573 502 477 420 423 394 267 276 189 232 19 192 
1250 59 1442 1543 1516 1523 1514 1525 1404 1361 1312 1333 1218 1169 1166 1025 1002 1021 982 931 934 787 796 769 710 687 592 623 524 553 526 481 434 413 284 375 266 223 100 187 
1443 320 1533 1252 1535 1528 1405 1502 1395 1310 1335 1220 1167 1188 1099 1052 1057 992 1003 942 913 874 833 758 701 738 649 672 551 574 501 478 411 424 395 228 277 188 231 18 
60 1253 -1 1441 1532 1515 1524 1439 1362 1337 1360 1311 1170 1219 1076 1079 1026 1051 1020 983 876 935 786 797 770 709 686 591 624 525 480 527 482 433 412 283 374 229 224 99 
321 1444 1255 1534 1529 1440 1501 1406 1423 1394 1309 1336 1187 1078 1171 1098 1075 1058 991 1004 941 912 875 832 757 702 739 648 673 550 575 500 479 410 425 396 227 278 17 230 
1254 61 1446 1531 1500 1425 1498 1427 1438 1363 1338 1359 1296 1173 1176 1077 1080 1027 1050 1019 984 877 936 785 798 771 708 685 590 625 528 549 432 483 398 401 282 373 98 225 
1445 322 -1 1256 1447 1530 1437 1424 1407 1422 1393 1308 1175 1186 1297 1172 1097 1074 1059 990 1005 940 911 800 831 756 703 740 647 674 547 576 499 400 409 426 397 226 279 16 
62 1257 1448 -1 -1 1499 1426 1497 1428 1391 1364 1339 1358 1295 1174 1177 1072 1081 1028 1049 1018 985 878 937 784 799 772 707 684 589 626 529 548 431 484 399 402 281 372 97 
323 -1 1259 -1 1449 -1 -1 1436 1421 1408 1411 1392 1307 1298 1185 1096 1083 1086 1073 1060 989 1006 939 910 801 830 755 704 741 646 675 546 577 498 531 408 427 370 15 280 
1258 63 1450 -1 -1 -1 1496 -1 1410 1429 1390 1365 1340 1357 1294 1085 1178 1071 1082 1029 1048 1017 986 879 938 783 706 773 676 683 588 627 530 539 430 485 368 403 96 371 
1451 324 -1 1260 -1 -1 -1 -1 1435 1420 1409 1412 1369 1306 1299 1184 1095 1084 1087 1066 1061 988 1007 826 909 802 829 754 705 742 645 538 545 578 497 532 407 428 369 14 
64 1261 1452 -1 -1 -1 -1 1495 -1 1493 1430 1389 1366 1341 1356 1293 1300 1179 1070 1063 1030 1047 1016 987 880 827 782 1 774 677 682 587 628 537 540 429 486 367 404 95 
325 -1 1263 -1 1453 -1 -1 -1 -1 1434 1419 1368 1413 1370 1305 1342 1183 1094 1065 1088 1067 1062 905 1008 825 908 803 828 753 644 743 642 679 544 579 496 533 406 13 366 
1262 65 1454 -1 -1 -1 -1 -1 1494 -1 1492 1431 1388 1367 1382 1355 1292 1301 1180 1069 1064 1031 1046 1015 906 881 824 781 2 775 678 681 586 629 536 541 364 487 94 405 
1455 326 -1 1264 -1 -1 -1 -1 -1 1486 1433 1418 1383 1414 1371 1304 1343 1182 1093 1290 1089 1068 1013 904 1009 816 907 804 823 752 643 744 641 680 543 580 495 534 365 12 
66 1265 1456 -1 -1 -1 -1 1489 -1 1491 1474 1481 1432 1387 1354 1381 1352 1291 1302 1181 1036 1043 1032 1045 1014 821 882 817 780 3 776 637 634 585 630 535 542 363 488 93 
327 -1 1267 -1 1457 -1 -1 -1 1487 1482 1485 1384 1417 1380 1415 1372 1303 1344 1285 1092 1289 1090 1037 1012 903 1010 815 822 805 818 751 640 745 638 635 492 581 494 11 362 
1266 67 1458 -1 -1 -1 1488 1483 1490 1475 1480 1473 1478 1373 1386 1353 1378 1351 1288 1283 1042 1035 1044 1033 896 887 820 883 814 779 4 777 636 633 584 631 360 489 92 355 
1459 328 -1 1268 1463 1466 -1 1272 1471 1484 1477 1276 1385 1416 1379 1280 1347 1284 1345 1286 1091 1038 895 902 1011 898 889 808 819 806 813 750 639 746 491 582 493 356 361 10 
68 331 1462 1465 -1 1271 1470 1467 1476 1275 1472 1479 1374 1279 1348 1377 1350 1287 1282 1041 894 901 1034 897 888 809 886 811 884 749 778 5 348 583 632 359 490 89 354 91 
329 1460 333 70 1269 1464 335 72 1273 1468 337 74 1277 1376 339 76 1281 1346 341 78 1039 892 343 80 899 890 345 82 807 812 347 84 747 350 7 86 357 352 9 88 
332 69 330 1461 334 71 1270 1469 336 73 1274 1375 338 75 1278 1349 340 77 1040 893 342 79 900 891 344 81 810 885 346 83 748 349 6 85 358 351 8 87 90 353 
