2 4 15
225
2.997637
103 192 3 172 101 190 5 72 63 54 7 56 61 52 9 
2 173 102 191 4 171 100 189 6 71 62 53 8 57 60 
193 104 215 174 223 196 187 170 73 64 55 70 59 10 51 
216 1 222 195 214 175 220 99 188 81 74 65 76 67 58 
105 194 217 224 221 210 197 186 169 98 125 80 69 50 11 
32 225 150 213 198 219 176 211 126 185 82 75 66 77 68 
149 106 33 218 209 212 199 184 177 168 97 124 79 12 49 
34 31 206 151 156 183 208 167 200 127 178 83 96 85 78 
107 148 155 146 207 204 201 182 179 136 163 94 123 48 13 
30 35 144 205 152 157 166 203 162 181 128 119 84 95 86 
143 108 147 154 145 202 161 180 137 164 135 122 93 14 47 
36 29 142 109 158 153 138 165 160 131 118 129 120 87 92 
23 26 39 112 141 110 159 132 139 134 121 90 117 46 15 
28 37 24 21 40 113 140 19 42 115 130 17 44 91 88 
25 22 27 38 111 20 41 114 133 18 43 116 89 16 45 
