24 24 25
625
13.010740
91 476 93 28 89 410 373 26 87 260 305 24 85 226 153 22 83 176 151 20 81 64 13 18 15 
94 29 90 475 412 27 88 409 372 25 86 259 304 23 84 225 152 21 82 175 150 19 16 63 12 
477 92 525 96 441 474 411 374 261 342 323 306 263 258 227 154 179 182 177 148 71 80 65 14 17 
30 95 478 593 524 413 440 385 408 371 262 341 322 303 264 257 224 155 180 169 174 149 70 11 62 
479 594 97 526 519 442 473 414 375 384 343 324 307 266 255 228 181 178 183 156 147 72 79 66 69 
98 31 592 523 616 527 518 439 386 407 370 377 340 321 302 265 256 223 170 173 168 157 68 61 10 
595 480 617 528 591 520 443 472 415 376 383 344 325 308 267 254 229 172 209 184 159 146 73 78 67 
32 99 596 621 522 615 580 517 438 387 406 369 378 339 320 301 238 211 222 171 208 167 158 9 60 
481 618 529 614 599 590 521 444 471 416 437 382 345 326 309 268 253 230 237 210 185 160 145 74 77 
100 33 622 597 620 581 600 579 516 435 388 405 368 379 338 319 300 239 212 221 166 207 76 59 8 
625 482 619 530 613 598 589 514 445 470 417 436 381 346 327 310 269 252 231 236 205 186 161 144 75 
34 101 610 623 588 603 582 601 578 515 434 389 404 367 380 337 318 299 240 213 220 165 206 7 58 
483 624 531 604 609 612 577 560 513 446 469 418 421 336 347 328 311 270 251 232 235 204 187 162 143 
102 35 608 611 576 587 602 583 556 561 420 433 390 403 366 317 298 249 234 241 214 219 164 57 6 
607 484 575 532 605 584 563 570 559 512 447 468 419 422 335 348 329 312 271 250 233 188 203 142 163 
36 103 606 565 574 571 586 555 562 557 552 461 432 391 402 365 316 297 248 295 242 215 218 5 56 
485 566 533 572 585 564 569 558 553 462 511 448 467 400 423 334 349 330 313 272 217 202 189 200 141 
104 37 542 567 548 573 554 545 510 551 466 463 460 431 392 401 364 315 296 247 294 243 216 55 4 
123 486 121 534 543 568 547 550 499 538 459 508 449 464 399 424 333 350 331 314 273 190 201 140 199 
38 105 124 541 502 549 544 539 546 509 498 465 428 393 430 361 398 363 274 291 246 293 244 3 54 
115 122 487 120 535 540 503 500 537 458 507 450 493 396 425 394 353 332 351 280 275 194 191 198 139 
106 39 116 125 504 501 536 457 506 497 492 427 452 429 360 397 362 279 290 193 292 245 276 53 2 
111 114 109 488 119 126 505 496 491 456 451 494 357 426 395 354 289 352 285 278 281 192 195 138 197 
40 107 112 117 42 489 128 455 44 495 130 453 46 355 132 359 48 287 134 283 50 277 136 1 52 
113 110 41 108 127 118 43 490 129 454 45 356 131 358 47 288 133 284 49 286 135 282 51 196 137 
