8 12 15
225
3.996611
101 18 57 52 97 16 59 50 67 14 43 48 39 12 41 
56 53 100 17 58 51 96 15 60 49 66 13 42 45 38 
19 102 55 108 105 98 71 74 91 68 61 44 47 40 11 
54 107 104 99 72 109 90 95 70 75 88 65 62 37 46 
103 20 183 106 147 94 73 110 89 92 69 76 81 10 63 
184 211 148 179 182 151 146 93 128 111 80 87 64 77 36 
21 178 215 210 149 180 199 152 145 86 127 112 79 82 9 
216 185 212 181 214 203 150 141 198 129 144 85 126 35 78 
177 22 217 222 209 206 197 200 153 142 139 130 113 8 83 
164 225 186 213 204 221 202 207 140 195 136 143 84 125 34 
23 176 163 218 223 208 205 196 201 154 133 138 131 114 7 
162 165 224 187 192 169 220 1 194 137 156 135 124 33 118 
175 24 173 168 219 188 193 170 155 134 121 132 117 6 115 
166 161 26 191 172 159 28 189 2 157 30 123 4 119 32 
25 174 167 160 27 190 171 158 29 122 3 120 31 116 5 
