11 9 15
225
3.996611
87 32 89 156 85 30 145 82 59 28 61 78 57 26 23 
90 161 86 31 154 157 84 29 144 81 58 27 24 63 56 
33 88 155 196 159 178 153 146 83 60 77 62 79 22 25 
162 91 160 179 218 195 158 177 152 143 80 75 68 55 64 
199 34 225 212 197 180 221 188 147 76 69 106 65 74 21 
92 163 198 217 222 219 194 181 176 151 142 73 70 67 54 
35 200 213 224 211 204 189 220 187 148 107 66 105 20 71 
164 93 208 203 216 223 210 193 182 175 150 141 72 53 50 
131 36 201 214 209 190 205 186 149 184 1 108 51 104 19 
94 165 130 207 202 215 192 183 174 169 140 125 46 49 52 
37 132 135 166 191 206 173 168 185 126 109 2 103 18 47 
134 95 116 129 172 167 120 127 170 139 124 45 48 3 16 
115 38 133 136 119 128 171 138 121 110 13 102 17 6 9 
96 117 40 113 98 137 42 111 100 123 44 11 8 15 4 
39 114 97 118 41 112 99 122 43 12 101 14 5 10 7 
