24 9 25
623
11.990786
104 357 32 391 102 355 34 387 100 317 36 187 98 153 38 93 96 83 40 65 74 55 42 57 60 
31 394 103 356 33 390 101 354 35 386 99 316 37 186 97 152 39 92 95 82 41 64 59 54 43 
358 105 484 395 392 363 400 385 388 353 318 313 188 301 154 185 94 151 84 73 66 75 56 61 58 
487 30 393 362 483 398 389 364 401 378 315 348 319 312 189 300 155 184 91 140 81 72 63 44 53 
106 359 488 485 396 453 466 399 384 365 352 377 314 347 302 311 182 139 150 85 90 67 76 69 62 
29 486 361 498 491 482 397 452 433 402 379 366 349 320 309 190 299 156 183 138 141 80 71 52 45 
360 107 496 489 480 465 454 467 404 383 432 351 376 307 346 303 310 181 168 149 86 89 68 77 70 
495 28 499 492 497 490 481 464 451 434 403 380 367 350 321 308 191 298 157 88 137 142 79 46 51 
108 501 494 517 504 479 468 455 436 405 382 431 342 375 306 345 304 169 180 167 148 87 136 1 78 
27 518 503 500 493 516 505 472 463 450 435 406 381 368 343 322 297 192 205 158 171 160 143 50 47 
502 109 536 515 520 507 478 469 456 437 458 371 430 341 374 305 344 219 170 179 166 147 48 135 2 
537 26 519 508 535 514 471 506 473 462 449 428 407 372 369 296 323 204 193 206 159 172 161 144 49 
110 509 538 541 512 521 530 477 470 457 438 459 370 429 340 373 218 247 220 203 178 165 146 3 134 
25 540 511 544 557 534 513 522 529 474 461 448 427 408 295 246 249 324 217 194 207 196 173 162 145 
510 111 614 539 542 545 556 531 476 447 524 439 460 339 426 337 294 245 248 221 202 177 164 133 4 
607 24 543 562 613 558 533 546 523 528 475 424 445 422 409 284 325 250 293 216 195 208 197 174 163 
112 615 606 611 560 563 586 555 532 547 446 525 440 425 338 291 336 285 244 233 222 201 176 5 132 
23 608 561 616 603 612 559 564 585 554 527 444 423 410 421 326 283 292 251 254 215 232 209 198 175 
622 113 620 605 610 589 600 587 552 443 548 441 526 333 290 335 286 253 272 243 234 223 200 131 6 
595 22 609 602 617 604 569 582 565 584 553 418 411 420 327 280 271 282 263 252 255 214 231 210 199 
114 621 596 619 590 601 588 599 570 551 442 549 332 289 334 287 264 273 258 269 242 235 224 7 130 
21 594 579 -1 597 618 581 568 583 566 417 412 419 328 279 274 281 270 241 262 225 256 213 230 211 
578 115 -1 591 580 573 598 571 416 413 550 331 278 275 288 265 240 259 268 257 236 229 226 129 8 
593 20 117 576 -1 18 119 574 567 16 121 414 329 14 123 276 267 12 125 238 261 10 127 212 227 
116 577 592 19 118 575 572 17 120 415 330 15 122 277 266 13 124 239 260 11 126 237 228 9 128 
