1 1 25
625
21.982670
1 108 3 48 105 122 111 46 103 164 159 44 101 182 195 42 99 192 217 40 97 226 221 38 95 
4 49 106 121 110 47 104 165 158 45 102 181 198 43 100 193 216 41 98 227 220 39 96 225 222 
107 2 109 114 123 166 157 112 163 180 201 160 183 194 215 196 191 310 233 218 301 228 223 94 37 
50 5 120 167 156 113 170 179 204 161 184 199 214 197 190 357 234 299 320 309 232 219 302 229 224 
119 126 115 124 169 178 207 162 185 200 213 202 189 436 235 298 331 356 311 300 319 308 231 36 93 
6 51 168 155 208 171 186 205 212 203 188 465 236 297 394 435 358 343 330 321 312 303 314 305 230 
127 118 125 116 177 206 211 240 187 466 237 296 461 464 437 360 393 332 355 342 329 318 307 92 35 
52 7 154 209 172 241 176 467 238 295 512 463 470 439 460 395 434 359 344 333 322 313 304 315 306 
149 128 117 146 175 210 239 294 549 514 469 482 511 462 471 438 361 392 373 354 341 328 317 34 91 
8 53 148 153 242 173 570 557 468 547 550 513 472 481 440 459 396 433 362 345 334 323 336 325 316 
129 150 145 174 147 572 293 548 569 556 515 546 483 510 457 474 441 374 391 372 353 340 327 90 33 
54 9 152 243 600 577 574 571 558 561 544 551 516 473 480 443 458 397 432 363 346 335 324 337 326 
151 130 601 144 573 292 611 578 575 568 555 560 545 484 509 456 475 442 375 390 371 352 339 32 89 
10 55 244 291 612 599 576 589 610 559 562 543 552 517 476 479 444 431 398 401 364 347 366 349 338 
131 290 143 602 245 618 613 598 579 586 567 554 563 478 485 508 455 400 415 376 389 370 351 88 31 
56 11 246 619 288 607 590 615 588 609 580 585 542 553 518 477 414 445 430 399 402 365 348 367 350 
247 132 289 142 603 614 617 608 597 582 587 566 529 564 527 486 507 454 413 416 377 388 369 30 87 
12 57 624 267 620 287 606 591 616 535 596 581 584 541 506 519 452 487 446 429 384 403 378 387 368 
133 248 141 262 623 604 621 282 595 592 583 530 565 528 539 526 495 504 453 412 417 410 385 86 29 
58 13 266 625 268 261 286 605 534 281 536 593 540 531 522 505 520 451 488 447 428 383 404 379 386 
67 134 249 140 263 622 269 256 283 594 533 276 523 538 525 496 503 494 499 422 411 418 409 28 85 
14 59 68 265 250 139 260 285 270 255 280 537 532 275 502 521 498 489 450 427 448 423 382 405 380 
69 66 135 62 73 264 251 138 257 284 271 254 277 524 497 274 493 500 491 424 421 408 419 84 27 
60 15 64 71 136 17 74 259 252 19 76 279 272 21 78 501 490 23 80 449 426 25 82 381 406 
65 70 61 16 63 72 137 18 75 258 253 20 77 278 273 22 79 492 425 24 81 420 407 26 83 
