7 13 25
625
13.970375
107 448 109 38 105 432 379 36 103 362 247 34 101 244 91 32 93 88 79 30 81 74 77 28 25 
110 39 106 495 434 37 104 431 378 35 102 353 246 33 100 243 90 31 94 87 78 29 26 73 76 
449 108 447 112 445 494 433 380 361 356 363 248 261 354 245 92 99 214 89 80 95 82 75 24 27 
40 111 502 505 496 435 444 493 430 377 360 355 352 249 260 301 242 251 98 213 86 201 96 83 72 
503 450 113 446 501 510 497 436 381 438 357 364 359 262 315 250 259 226 215 202 97 206 85 200 23 
114 41 504 541 506 499 508 443 492 429 376 351 332 317 300 263 302 241 252 225 212 203 198 71 84 
451 542 453 500 509 540 511 498 437 382 439 358 365 314 331 316 299 258 227 216 205 218 207 22 199 
42 115 548 543 550 507 554 539 442 491 428 375 350 333 318 313 264 303 240 253 224 211 204 197 70 
547 452 563 454 555 544 551 512 553 514 383 440 385 366 311 330 305 298 257 228 217 230 219 208 21 
116 43 546 549 564 567 556 559 538 441 490 427 374 349 334 319 312 265 304 239 254 223 210 69 196 
461 562 455 566 545 560 573 552 513 558 515 384 389 386 367 310 329 306 297 256 229 220 231 20 209 
44 117 462 561 574 565 568 557 572 537 388 489 426 373 348 335 320 295 266 293 238 255 222 195 68 
463 460 575 456 589 622 1 592 569 532 571 516 387 390 337 368 309 328 307 296 221 234 187 232 19 
118 45 464 625 576 591 588 621 602 595 536 531 488 425 372 347 336 321 294 267 292 237 194 67 186 
459 466 457 590 587 618 623 2 593 570 533 596 517 346 391 338 369 308 327 286 235 188 233 18 193 
46 119 586 465 624 577 616 601 620 603 594 535 530 487 424 371 326 289 322 291 268 191 236 185 66 
467 458 613 578 617 584 619 604 3 534 607 518 597 406 345 392 339 370 287 270 285 182 189 192 17 
120 47 468 585 612 615 600 583 608 605 598 529 486 423 394 407 288 325 290 323 190 269 180 65 184 
139 470 137 614 579 582 523 610 599 4 519 606 409 484 405 344 393 340 271 284 181 280 183 16 159 
48 121 140 469 478 611 580 525 522 609 528 485 422 411 408 395 404 283 324 279 272 179 160 177 64 
131 138 471 136 581 524 477 480 527 520 5 410 483 402 413 166 343 278 341 170 281 176 273 158 15 
122 49 132 141 476 479 526 521 418 147 482 421 412 165 400 403 396 163 282 277 274 161 178 63 174 
127 130 125 472 135 142 475 148 481 420 417 6 401 414 397 164 167 342 169 162 171 276 175 14 157 
50 123 128 133 52 473 144 419 54 149 146 415 56 151 8 399 58 153 10 275 60 155 12 173 62 
129 126 51 124 143 134 53 474 145 416 55 150 7 398 57 152 9 168 59 154 11 172 61 156 13 
