1 1 40
1600
32.980680
1 932 3 1086 935 930 77 80 927 920 75 82 811 646 73 84 581 642 71 86 463 448 69 88 335 184 67 90 315 182 65 92 143 146 63 94 123 108 61 96 
4 1091 934 931 78 1085 1006 929 76 81 926 919 74 83 810 645 72 85 580 641 70 87 462 447 68 89 334 183 66 91 314 145 64 93 142 121 62 95 100 107 
933 2 1165 1092 1087 936 79 1080 1005 928 921 902 819 812 647 582 649 672 643 464 579 466 449 336 379 382 185 316 333 312 181 158 227 144 147 124 109 122 97 60 
1166 5 1090 937 1164 1107 1084 1007 922 1079 1004 925 918 901 818 809 644 583 650 671 640 461 446 381 450 337 378 341 186 317 228 313 180 157 126 141 120 99 106 101 
941 938 1163 1170 1093 1088 1095 1106 1081 1008 923 900 903 820 813 648 673 774 669 584 465 578 467 452 445 380 383 338 311 332 187 224 159 226 139 148 125 110 59 98 
6 1167 940 1089 1162 1169 1108 1083 1096 1105 1078 1003 924 917 826 817 808 651 674 639 670 585 460 577 458 451 340 377 342 223 318 229 188 179 156 127 140 119 102 105 
939 942 1229 1168 1171 1094 1155 1160 1109 1082 1009 916 899 904 821 814 775 668 773 652 659 638 575 468 453 444 375 384 339 310 331 222 225 160 163 138 149 104 111 58 
1230 7 1254 1233 1228 1161 1172 1111 1154 1097 1104 1077 1002 825 816 827 822 807 658 675 636 653 586 459 576 457 386 343 376 319 230 309 162 189 178 155 128 113 118 103 
943 1274 1231 1250 1253 1234 1227 1156 1159 1110 1075 1010 915 898 905 824 815 776 667 772 657 660 637 574 469 454 443 374 385 330 307 212 221 214 161 164 137 150 57 112 
8 1255 1252 1273 1232 1249 1158 1173 1112 1153 1098 1103 1076 1001 828 897 806 823 676 741 662 635 654 587 456 479 470 387 344 231 320 219 308 211 190 177 154 129 114 117 
1275 944 1383 1256 1251 1272 1235 1226 1157 1100 1113 1074 1011 914 895 906 777 760 771 666 677 656 661 478 573 518 455 442 373 322 329 306 213 220 215 136 165 116 151 56 
1386 9 1276 1279 1382 1257 1248 1259 1174 1225 1152 1099 1102 1015 1000 829 896 805 742 759 740 663 634 655 588 477 480 471 388 345 232 321 218 305 210 191 176 153 130 115 
945 1396 1387 1384 1277 1280 1271 1236 1223 1150 1101 1114 1073 1012 913 894 907 778 761 770 665 678 631 590 519 572 517 390 441 372 323 328 233 240 193 216 135 166 55 152 
10 1385 1278 1397 1390 1381 1258 1247 1260 1175 1224 1151 1014 1053 1016 999 830 769 804 743 758 739 664 633 594 589 476 481 472 389 346 239 304 217 234 209 192 175 134 131 
1407 946 1395 1388 1379 1322 1281 1270 1237 1222 1149 1052 1115 1072 1013 912 893 908 779 762 737 632 679 630 591 520 571 516 391 440 371 324 327 238 241 194 197 132 167 54 
1394 11 1408 1391 1398 1389 1380 1321 1246 1261 1176 1117 1070 1051 1054 1017 998 831 768 803 744 757 738 593 600 595 514 475 482 473 326 347 276 303 196 235 208 169 174 133 
947 1406 1393 1400 1403 1378 1323 1282 1269 1238 1221 1148 1177 1116 1071 996 911 892 909 780 763 736 599 680 629 592 521 570 515 392 439 370 325 256 237 242 195 198 53 168 
12 1415 1404 1409 1392 1399 1402 1327 1320 1245 1262 1239 1118 1069 1050 1055 1018 997 832 767 802 745 756 627 598 601 596 513 474 483 368 277 348 275 302 255 236 207 170 173 
1405 948 1413 1442 1401 1410 1377 1324 1283 1268 1285 1220 1147 1178 1057 1020 995 910 891 848 781 764 735 746 681 628 569 522 485 488 393 438 369 300 257 274 243 172 199 52 
1414 13 1416 1411 1418 1441 1326 1349 1328 1319 1244 1263 1240 1119 1068 1049 1056 1019 988 833 766 801 782 755 626 597 602 487 512 437 484 367 278 349 272 301 254 201 206 171 
949 1412 1443 1522 1467 1348 1419 1376 1325 1284 1267 1286 1219 1146 1179 1058 1021 994 847 890 849 834 765 734 747 682 547 568 523 486 489 394 351 354 299 258 273 244 51 200 
14 1523 1510 1417 1444 1421 1440 1347 1350 1329 1318 1243 1264 1241 1120 1067 1048 987 886 989 846 889 800 783 754 625 566 603 546 511 436 353 366 279 350 271 298 253 202 205 
1511 950 1527 1466 1521 1468 1445 1420 1375 1316 1345 1266 1287 1218 1145 1180 1059 1022 993 986 887 850 835 752 733 748 683 548 567 524 415 490 395 352 355 280 259 204 245 50 
1530 15 1524 1509 1526 1465 1422 1439 1346 1351 1330 1317 1242 1265 1192 1121 1066 1047 1060 885 990 845 888 799 784 753 624 565 604 545 510 435 414 365 282 297 270 247 252 203 
951 1512 1531 1528 1489 1520 1469 1446 1353 1374 1315 1344 1217 1288 1189 1144 1181 1122 1023 992 985 884 851 836 751 732 749 684 549 508 525 416 491 396 295 356 281 260 49 246 
16 1529 1490 1525 1508 1517 1464 1423 1438 1343 1352 1331 1304 1191 1204 1193 1188 1065 1046 1061 878 991 844 883 798 785 686 623 564 605 544 509 434 413 364 283 296 269 248 251 
1491 952 1513 1532 1519 1488 1497 1470 1447 1354 1373 1314 1203 1216 1289 1190 1143 1182 1123 1024 881 984 879 852 837 750 731 690 685 550 507 526 417 492 397 294 357 250 261 48 
1514 17 1534 1495 1516 1507 1518 1463 1424 1437 1342 1303 1332 1305 1202 1205 1194 1187 1064 1045 1062 877 882 843 856 797 786 687 622 563 606 543 494 433 412 363 284 263 268 249 
953 1492 1515 1584 1533 1496 1487 1498 1471 1448 1355 1372 1313 1302 1215 1290 1185 1142 1183 1124 1025 880 983 866 853 838 689 730 691 608 551 506 527 418 493 398 293 358 47 262 
18 1583 1494 1535 1506 1581 1538 1473 1462 1425 1436 1341 1356 1333 1306 1201 1206 1195 1186 1063 1044 1029 876 855 842 857 796 787 688 621 562 607 542 495 432 411 362 285 264 267 
1493 954 1599 1582 1585 1536 1505 1486 1499 1472 1449 1426 1371 1312 1301 1214 1291 1184 1141 1130 1125 1026 865 982 867 854 839 692 729 560 609 552 505 528 419 292 399 266 359 46 
1590 19 1586 1561 1598 1539 1580 1537 1474 1461 1476 1435 1340 1357 1334 1307 1200 1207 1196 1127 1028 1043 1030 875 864 841 858 795 788 611 620 561 530 541 496 431 410 361 286 265 
955 1562 1591 1600 1579 1560 1577 1504 1485 1500 1433 1450 1427 1370 1311 1300 1213 1292 1129 1140 1131 1126 1027 872 981 868 791 840 693 728 559 610 553 504 529 420 291 400 45 360 
20 1589 1570 1587 1576 1597 1540 1551 1542 1475 1460 1477 1434 1339 1358 1335 1308 1199 1208 1197 1128 1035 1042 1031 874 863 794 859 792 789 612 619 540 531 534 497 430 409 290 287 
1563 956 1595 1592 1569 1578 1559 1574 1503 1484 1501 1432 1451 1428 1369 1310 1299 1212 1293 1134 1139 1132 873 980 871 978 869 790 725 694 727 558 533 554 503 428 421 288 401 44 
1594 21 1588 1571 1596 1575 1552 1541 1550 1543 1480 1459 1478 1363 1338 1359 1336 1309 1198 1209 1036 1041 1034 977 1032 723 862 793 860 711 714 613 618 539 532 535 498 429 408 289 
957 1564 1593 1568 1547 1558 1573 1554 1481 1502 1483 1452 1431 1368 1429 1364 1211 1298 1135 1294 1133 1138 1037 722 979 870 975 724 715 726 695 712 557 614 555 502 427 422 43 402 
22 1567 960 1557 1572 1553 1546 1549 1544 1453 1458 1479 1456 1365 1362 1337 1360 1295 1210 1137 1040 719 972 1033 976 705 716 861 700 713 710 617 696 501 538 499 536 405 424 407 
961 958 1565 24 963 1548 1555 26 965 1482 1455 28 967 1430 1367 30 969 1136 1297 32 971 1038 721 34 717 974 703 36 707 698 701 38 709 556 615 40 423 426 403 42 
1566 23 962 959 1556 25 964 1545 1454 27 966 1457 1366 29 968 1361 1296 31 970 1039 720 33 718 973 704 35 706 699 702 37 708 697 616 39 500 537 404 41 406 425 
