18 9 25
625
17.987967
292 87 38 83 290 299 40 81 288 253 42 79 176 207 44 77 174 153 46 75 158 151 48 73 70 
37 84 291 298 39 82 289 300 41 80 287 252 43 78 175 206 45 76 173 152 47 74 71 150 49 
88 293 86 445 454 297 306 415 286 301 254 177 284 251 208 179 172 199 154 159 170 157 148 69 72 
85 36 455 296 443 446 463 304 307 414 285 302 255 178 215 198 205 180 171 196 155 160 163 50 149 
294 89 444 453 464 305 442 447 416 303 308 325 280 283 250 209 214 197 200 181 162 169 156 147 68 
35 452 295 456 449 482 465 462 413 384 387 282 309 256 279 216 249 204 211 166 195 182 161 164 51 
90 457 450 483 488 461 448 441 386 417 324 383 326 281 310 257 210 213 194 201 184 165 168 67 146 
451 34 487 460 521 484 481 466 419 412 385 388 323 330 321 278 217 248 203 212 167 192 183 52 131 
458 91 534 523 486 489 520 421 440 389 418 391 382 327 276 311 258 1 218 193 202 185 132 145 66 
33 536 459 548 533 522 485 480 467 420 411 380 329 322 331 320 277 262 247 134 191 144 189 130 53 
92 549 538 535 524 547 490 519 422 439 390 397 392 381 328 275 312 259 2 219 188 133 186 65 142 
537 32 551 546 555 532 517 526 479 468 395 410 379 398 319 332 261 268 263 246 135 190 143 54 129 
550 93 556 539 552 525 554 491 518 423 438 399 396 393 350 267 274 313 260 3 220 187 128 141 64 
31 540 545 584 557 578 531 516 527 478 469 394 409 378 347 318 333 266 269 264 245 136 63 138 55 
94 583 542 589 544 553 558 577 492 471 424 437 400 349 360 351 346 273 314 243 4 221 140 127 62 
541 30 623 582 585 588 579 530 515 528 477 470 359 408 377 348 317 334 265 270 223 244 137 56 139 
592 95 590 543 622 581 586 559 576 493 472 425 436 401 358 361 352 345 272 315 242 5 222 61 126 
29 -1 593 624 587 606 617 580 529 514 499 476 403 426 407 376 343 316 335 226 271 224 237 6 57 
96 591 612 619 616 621 564 573 560 575 494 473 498 435 402 357 362 353 344 241 238 227 58 125 60 
611 28 615 594 605 618 607 602 565 502 513 500 475 404 427 406 375 342 239 336 225 236 119 228 7 
596 97 610 613 620 603 572 563 574 561 474 495 434 497 374 365 356 363 354 235 240 229 124 59 118 
27 614 595 604 571 608 601 566 503 512 501 508 373 432 405 428 367 234 341 230 337 120 117 8 113 
98 597 100 609 600 569 504 511 562 507 372 433 496 429 366 233 364 355 338 121 116 123 112 11 14 
101 26 599 570 103 24 567 506 105 22 509 370 107 20 431 368 109 18 231 340 111 16 13 114 9 
598 99 102 25 568 505 104 23 510 371 106 21 430 369 108 19 232 339 110 17 122 115 10 15 12 
