7 18 40
1600
33.002853
1174 227 60 223 1172 1161 58 221 968 1037 56 219 966 905 54 217 840 903 52 215 758 791 50 213 628 603 48 211 566 527 46 209 160 143 44 129 122 125 42 127 
61 224 1173 1176 59 222 1171 1160 57 220 967 1036 55 218 965 904 53 216 839 792 51 214 757 790 49 212 627 602 47 210 565 526 45 164 159 142 43 128 121 124 
228 1175 226 1179 1170 1263 1162 969 1136 1049 1038 971 964 987 906 957 962 841 902 759 830 793 788 753 660 629 604 575 564 567 528 177 208 161 144 137 130 123 126 41 
225 62 1305 1264 1177 1180 1169 1262 1159 970 1135 1048 1035 972 963 984 907 956 865 838 843 760 829 756 789 754 659 626 601 576 525 206 163 176 165 158 141 136 131 120 
1306 229 1178 1181 1304 1265 1260 1163 1166 1137 1050 1039 986 1041 988 973 958 961 842 901 864 831 794 787 752 661 630 605 574 563 568 529 178 207 162 145 138 133 40 135 
63 1314 1307 1332 1311 1182 1303 1168 1261 1158 1165 1134 1047 1034 985 960 983 908 955 866 837 844 761 828 755 786 625 658 577 600 531 524 205 166 175 140 157 146 119 132 
230 1331 1312 1315 1308 1301 1266 1259 1164 1167 1138 1051 1040 989 1042 1027 974 959 980 909 900 863 832 795 784 751 662 631 606 573 562 569 530 179 156 151 168 139 134 39 
1313 64 1333 1310 1335 1316 1183 1302 1245 1258 1157 1130 1133 1046 1033 982 991 1026 975 954 867 836 845 762 827 664 785 624 657 578 599 532 523 204 167 174 155 152 147 118 
1330 231 1336 1363 1328 1309 1300 1267 1184 1247 1132 1139 1052 1129 990 1043 1028 981 952 979 910 899 862 833 796 783 750 663 632 607 572 561 570 193 180 195 150 169 38 153 
65 1374 1329 1334 1337 1362 1317 1246 1257 1244 1185 1156 1131 1066 1045 1032 1055 992 1025 976 953 868 835 846 763 826 665 782 623 656 579 598 533 522 203 192 173 154 117 148 
232 1369 1396 1373 1364 1327 1256 1299 1268 1187 1248 1189 1140 1053 1128 1065 1044 1029 978 951 994 911 898 861 834 797 780 749 654 633 608 571 560 545 194 181 196 149 170 37 
1397 66 1375 1368 1395 1338 1361 1318 1255 1280 1243 1186 1155 1126 1067 1054 1031 1056 993 1024 977 896 869 822 847 764 825 666 781 622 655 580 597 534 521 202 191 172 183 116 
1370 233 1398 1403 1372 1365 1326 1281 1298 1269 1188 1249 1190 1141 1144 1127 1064 1023 1030 1057 950 995 912 897 860 823 798 779 748 653 634 609 544 559 546 535 182 197 36 171 
67 1404 1371 1376 1367 1394 1339 1360 1319 1254 1279 1242 1143 1154 1125 1068 1089 1114 1063 1022 997 914 895 870 821 848 765 824 667 776 621 596 581 548 543 520 201 190 115 184 
234 1399 1408 1405 1402 1377 1366 1325 1282 1297 1270 1221 1250 1191 1142 1145 1118 1069 1088 999 1058 949 996 913 874 859 820 799 778 747 652 635 610 595 558 547 536 185 198 35 
1409 68 1411 1400 1431 1406 1393 1340 1359 1320 1253 1278 1241 1220 1153 1124 1115 1090 1113 1062 1021 998 915 894 871 818 849 766 775 668 777 620 593 582 549 542 519 200 189 114 
1412 235 1432 1407 1414 1401 1378 1357 1324 1283 1296 1271 1222 1251 1192 1117 1146 1119 1070 1087 1000 1059 948 873 858 875 774 819 800 767 746 651 636 611 594 557 186 537 34 199 
69 1410 1413 1438 1443 1430 1 1392 1341 1358 1321 1252 1277 1240 1219 1152 1123 1116 1091 1112 1061 1020 929 916 893 872 817 850 773 806 669 638 619 592 583 550 541 518 113 188 
236 1437 1474 1433 1440 1415 1444 1379 1356 1323 1284 1295 1272 1223 1228 1193 1218 1147 1120 1071 1086 1001 1060 947 928 857 876 807 810 801 768 745 650 637 612 587 556 187 538 33 
1473 70 1439 1442 1475 1446 1429 2 1391 1342 1355 1322 1227 1276 1239 1224 1151 1122 1111 1092 1109 1004 1019 930 917 892 809 816 851 772 805 670 639 618 591 584 551 540 517 112 
1436 237 1472 1489 1434 1441 1416 1445 1380 1353 1294 1285 1292 1273 1226 1229 1194 1217 1148 1121 1072 1085 1002 927 946 923 856 877 808 811 802 769 744 649 586 613 588 555 32 539 
71 1490 1435 1476 1471 1488 1447 1428 3 1390 1343 1354 1275 1286 1231 1238 1225 1150 1093 1110 1003 1108 1005 1018 931 918 891 922 815 852 771 804 671 640 617 590 585 552 111 516 
238 1477 1492 1487 1508 1455 1470 1417 1448 1381 1352 1293 1346 1291 1274 1199 1230 1195 1216 1149 1084 1073 934 943 926 945 924 855 878 803 812 743 770 675 648 641 614 589 554 31 
1491 72 1507 1478 1493 1468 1495 1454 1427 4 1389 1344 1351 1234 1287 1232 1237 1200 1105 1094 1107 1008 1017 1006 935 932 919 890 921 814 853 732 739 672 643 616 553 472 515 110 
1480 239 1486 1525 1506 1509 1456 1469 1418 1449 1382 1347 1290 1345 1236 1213 1198 1215 1196 1081 1074 1083 942 933 944 925 936 883 854 879 742 813 674 733 676 647 642 615 30 471 
73 1524 1479 1510 1485 1494 1467 1496 1453 1426 5 1388 1235 1350 1233 1288 1201 1104 1095 1106 1009 1016 1007 938 941 712 889 920 887 884 727 740 731 738 673 644 473 514 109 462 
240 1481 1538 1521 1526 1505 1512 1457 1460 1419 1450 1383 1348 1289 1212 1101 1214 1197 1080 1075 1082 939 1010 687 706 937 886 713 882 741 880 725 734 679 730 677 646 463 470 29 
1537 74 1523 1484 1511 1520 1459 1466 1497 1452 1425 6 1387 1204 1349 1202 1079 1096 1103 1012 1015 688 705 940 505 684 711 888 885 726 735 728 737 722 645 474 513 422 461 108 
1482 241 1536 1539 1522 1527 1504 1513 1458 1461 1420 1451 1384 1211 1100 1205 1102 1013 1076 689 704 1011 504 491 686 707 714 683 710 881 724 721 680 729 678 719 464 469 28 421 
75 1544 1483 1534 1583 1540 1519 1528 1465 1498 1209 1424 7 1386 1203 1078 1097 692 703 1014 451 690 371 506 503 492 685 708 715 498 681 736 723 720 475 512 423 460 107 414 
242 1535 1586 1545 1542 1533 1582 1503 1514 1421 1462 1385 1210 1099 1206 693 702 1077 450 691 370 441 452 493 490 507 502 497 682 709 716 499 476 511 718 465 468 415 420 27 
1587 76 1543 1578 1597 1584 1541 1518 1529 1464 1499 1208 1423 8 701 1098 449 694 341 442 375 372 355 440 453 494 489 508 501 496 483 510 717 466 477 424 459 404 413 106 
1548 243 1596 1585 1546 1579 1532 1581 1502 1515 1422 1463 700 1207 448 695 340 443 374 337 354 369 376 367 488 439 454 495 484 509 500 479 482 425 458 467 416 419 26 403 
77 1588 1547 1600 1577 1598 1573 1570 1517 1530 699 1500 447 696 9 444 321 338 299 342 373 336 353 356 377 366 487 438 455 480 485 432 457 478 417 426 405 412 105 388 
244 1549 1562 1595 1572 1593 1580 1531 1558 1501 1516 697 308 445 320 339 300 295 322 277 298 343 368 335 352 437 378 365 486 433 456 481 428 431 410 397 418 389 402 25 
1563 78 1589 1566 1599 1576 1571 1574 1569 698 311 446 317 286 301 10 319 262 297 294 323 276 269 344 357 330 351 436 379 364 429 434 409 396 427 406 411 394 387 104 
1550 245 1564 1561 1594 1567 1592 1559 312 1557 316 307 302 309 318 285 296 291 278 261 268 293 324 273 334 345 358 329 350 435 380 363 430 407 398 395 390 401 24 385 
79 248 1553 1590 1565 1560 1575 1568 315 306 303 310 287 284 281 290 11 88 263 292 275 260 267 270 325 272 331 346 359 328 349 408 381 362 391 400 393 386 103 100 
246 1551 250 81 1554 1591 252 83 1556 313 254 85 304 289 256 87 282 279 258 13 90 265 274 15 92 333 326 17 94 347 360 19 96 399 382 21 98 101 384 23 
249 80 247 1552 251 82 1555 314 253 84 305 288 255 86 283 280 257 12 89 264 259 14 91 266 271 16 93 332 327 18 95 348 361 20 97 392 383 22 99 102 
