5 14 15
225
3.997564
102 19 58 53 98 17 60 51 68 15 44 49 40 13 42 
57 54 101 18 59 52 97 16 61 50 67 14 43 46 39 
20 103 56 109 106 99 72 75 92 69 62 45 48 41 12 
55 108 105 100 73 110 91 96 71 76 89 66 63 38 47 
104 21 144 107 164 95 74 111 90 93 70 77 82 11 64 
145 148 163 150 143 190 185 94 129 112 81 88 65 78 37 
22 151 146 191 184 165 142 187 172 87 128 113 80 83 10 
147 192 149 162 211 186 189 166 141 130 171 86 127 36 79 
152 23 212 221 206 183 210 179 188 173 140 131 114 9 84 
193 222 161 218 213 220 205 174 167 178 137 170 85 126 35 
24 153 -1 215 204 207 182 209 180 169 134 139 132 115 8 
223 194 217 160 219 214 203 168 175 138 177 136 125 34 119 
154 25 224 197 216 159 208 181 202 135 122 133 118 7 116 
195 198 27 156 1 200 29 158 3 176 31 124 5 120 33 
26 155 196 199 28 157 2 201 30 123 4 121 32 117 6 
