37 40 40
1600
47.952414
858 303 42 299 856 865 40 297 794 819 38 295 792 733 36 293 652 601 34 291 548 465 32 289 382 235 30 195 154 119 28 121 116 105 26 107 114 103 24 21 
43 300 857 864 41 298 855 866 39 296 793 818 37 294 791 732 35 292 651 600 33 290 547 464 31 288 381 234 29 194 153 118 27 122 115 104 25 22 109 102 
304 859 302 997 1042 863 992 795 854 867 820 797 790 817 734 689 692 653 602 585 562 549 466 457 440 383 236 287 196 155 120 193 152 117 106 123 108 113 20 23 
301 44 1043 862 993 998 1217 946 991 796 853 868 821 798 789 800 731 688 691 650 599 584 561 546 463 456 439 380 233 208 197 156 199 158 147 112 133 124 101 110 
860 305 996 1219 1216 1041 994 999 1052 945 990 823 852 869 816 735 690 693 654 603 586 563 550 467 458 441 384 237 286 251 232 207 192 151 134 129 146 111 132 19 
45 1220 861 1044 995 1218 1215 1050 947 1000 1053 944 905 822 799 788 801 730 687 598 649 560 583 460 545 462 455 438 379 238 209 198 157 200 159 148 135 130 125 100 
306 1045 1238 1221 1234 1049 1040 1069 1054 1051 948 989 824 851 870 815 736 787 694 655 604 587 564 551 468 459 442 385 252 285 250 231 206 191 150 173 128 145 18 131 
1237 46 1235 1048 1261 1222 1233 1214 1039 1068 1001 904 943 906 825 850 827 802 729 686 597 648 559 582 461 544 437 454 283 378 239 210 241 174 201 160 149 136 99 126 
1046 307 1262 1239 1232 1247 1260 1223 1070 1055 942 949 988 903 940 871 814 737 786 695 656 605 588 565 552 469 452 443 386 253 284 249 230 205 190 141 172 127 144 17 
47 1236 1047 1314 1259 1266 1231 1248 1213 1038 1067 1002 941 950 907 826 849 828 803 728 685 596 647 558 581 450 543 436 453 282 377 240 211 242 175 202 161 142 137 98 
308 1317 1240 1263 1246 1313 1258 1265 1224 1071 1056 1037 1058 987 902 939 872 813 738 785 696 657 606 589 566 553 470 451 444 387 254 265 248 229 204 189 140 171 16 143 
1241 48 1315 1318 1349 1264 1267 1230 1249 1212 1225 1066 1003 938 951 908 901 848 829 804 727 684 595 646 557 580 449 542 435 264 281 376 255 212 243 176 203 162 97 138 
1316 309 1350 1245 1312 1321 1348 1257 1268 1229 1072 1057 1036 1059 986 937 952 873 812 739 784 697 658 607 590 567 554 471 414 445 388 263 266 247 228 167 188 139 170 15 
49 1242 1319 1362 1353 1346 1311 1322 1211 1250 1207 1226 1065 1004 1035 1006 909 900 847 830 805 726 683 594 645 556 579 448 541 434 413 280 375 256 213 244 177 168 163 96 
310 1365 1244 1351 1320 1361 1354 1347 1256 1269 1228 1073 1206 1075 1060 985 936 953 874 811 740 783 698 659 608 591 568 555 472 415 446 389 262 267 246 227 166 187 14 169 
1243 50 1391 1366 1363 1352 1345 1310 1323 1210 1251 1208 1227 1064 1005 1034 1007 910 899 846 831 806 725 682 593 644 537 578 447 540 433 412 279 374 257 214 245 178 95 164 
1392 311 1364 1371 1390 1367 1360 1355 1344 1255 1270 1205 1074 1033 1076 1061 984 935 954 875 810 741 782 699 660 609 592 569 538 473 416 419 390 261 268 183 226 165 186 13 
51 1418 1389 1394 1369 1372 1357 1342 1309 1324 1209 1252 1131 1106 1063 1032 1077 1008 911 898 845 832 807 724 681 574 643 536 577 418 539 432 411 278 373 258 215 184 179 94 
312 1393 1370 1417 1388 1359 1368 1373 1356 1343 1254 1271 1204 1173 1130 1105 1062 983 934 955 876 809 742 781 700 661 610 575 570 499 474 417 420 391 260 269 182 225 12 185 
1419 52 1453 1422 1395 1416 1387 1358 1341 1308 1325 1174 1253 1132 1107 1110 1031 1078 1009 912 897 844 833 808 723 680 573 642 535 576 497 478 431 410 277 372 259 216 93 180 
1454 313 1420 1449 1456 1423 1396 1415 1374 1327 1330 1203 1272 1109 1172 1129 1104 1011 982 933 956 877 780 743 678 701 662 611 498 571 500 475 408 421 392 221 270 181 224 11 
53 1452 1455 1460 1421 1448 1457 1386 1329 1340 1307 1326 1175 1170 1133 1108 1111 1030 1079 1010 913 896 843 834 703 722 679 572 641 534 477 496 479 430 409 276 371 222 217 92 
314 1461 1450 1475 1458 1465 1424 1397 1414 1375 1328 1331 1202 1273 1176 1171 1128 1103 1012 981 932 957 878 779 744 677 702 663 612 495 518 501 476 407 422 393 220 271 10 223 
1451 54 1459 1464 1481 1474 1447 1466 1385 1398 1339 1306 1275 1178 1169 1134 1101 1112 1029 1080 959 914 895 842 835 704 721 640 517 626 533 494 429 480 395 398 275 370 91 218 
1462 315 1500 1529 1476 1479 1482 1425 1446 1413 1376 1277 1332 1201 1274 1177 1138 1127 1102 1013 980 931 958 879 778 745 676 625 664 613 516 519 502 397 406 423 394 219 272 9 
55 1596 1463 1480 1499 1528 1473 1478 1467 1384 1399 1338 1305 1276 1179 1168 1135 1100 1113 1028 1081 960 915 894 841 836 705 720 639 624 627 532 493 428 481 396 399 274 369 90 
316 1501 1548 1595 1530 1477 1496 1483 1426 1445 1412 1377 1278 1333 1200 1137 1150 1139 1126 1083 1014 979 930 839 880 777 746 675 706 665 614 515 520 503 492 405 424 367 8 273 
1597 56 1593 1502 1547 1498 1527 1472 1495 1468 1383 1400 1337 1304 1149 1180 1167 1136 1099 1114 1027 1082 961 916 893 840 837 750 719 638 623 628 531 514 427 482 365 400 89 368 
1504 317 1600 1549 1594 1531 1510 1497 1484 1427 1444 1411 1378 1279 1334 1199 1148 1151 1140 1125 1084 1015 978 929 838 881 776 747 674 707 666 615 512 521 504 491 404 425 366 7 
57 1598 1503 1592 1509 1546 1491 1526 1471 1494 1469 1382 1401 1336 1303 1280 1181 1166 1123 1098 1115 1026 927 962 917 892 749 760 751 718 637 622 629 530 513 426 483 364 401 88 
318 1505 1574 1599 1550 1591 1532 1511 1492 1485 1428 1443 1410 1379 1282 1335 1198 1147 1152 1141 1124 1085 1016 977 928 759 882 775 748 673 708 667 616 511 522 505 490 403 6 363 
1575 58 1589 1508 1587 1572 1545 1490 1525 1470 1493 1408 1381 1402 1295 1302 1281 1182 1165 1122 1097 1116 1025 926 963 918 891 758 761 752 717 636 621 630 529 488 361 484 87 402 
1506 319 1582 1573 1590 1551 1586 1533 1512 1435 1486 1429 1442 1409 1380 1283 1296 1197 1146 1153 1142 1023 1086 1017 976 889 924 883 774 715 672 709 668 617 510 523 506 489 362 5 
59 1576 1507 1588 1571 1544 1569 1542 1489 1524 1441 1436 1407 1298 1403 1294 1301 1164 1183 1162 1121 1096 1117 1024 925 964 919 890 757 762 753 716 635 620 631 528 487 360 485 86 
320 1583 1562 1581 1568 1585 1552 1523 1534 1513 1434 1487 1430 1437 1300 1297 1284 1293 1196 1145 1154 1143 1022 1087 1018 975 888 923 884 773 714 671 710 669 618 509 524 507 4 359 
1561 60 1577 1584 1553 1570 1543 1566 1541 1488 1521 1440 1299 1406 1291 1404 1195 1186 1163 1184 1161 1120 1095 1118 969 922 965 920 767 756 763 754 619 634 527 632 357 486 85 348 
1578 321 1560 1563 1580 1567 1554 1537 1522 1535 1514 1433 1438 1431 1194 1289 1292 1285 1188 1157 1144 1155 1088 1021 974 1019 970 887 772 885 768 713 670 711 356 525 508 349 358 3 
61 324 1579 1556 1559 1538 1565 1540 1515 1520 1439 1518 1193 1290 1405 1286 1187 1158 1185 1160 1089 1094 1119 1092 971 968 921 966 769 766 755 764 355 526 633 352 343 82 347 84 
322 1557 326 63 1564 1555 328 65 1536 1517 330 67 1432 1191 332 69 1288 1189 334 71 1156 1091 336 73 1020 973 338 75 886 771 340 77 712 353 342 79 350 345 2 81 
325 62 323 1558 327 64 1539 1516 329 66 1519 1192 331 68 1287 1190 333 70 1159 1090 335 72 1093 972 337 74 967 770 339 76 765 354 341 78 351 344 1 80 83 346 
