9 39 40
1600
32.493114
151 648 59 1258 149 646 57 658 147 638 55 640 145 630 53 632 143 622 51 624 141 614 49 616 139 604 47 560 137 562 45 558 135 544 43 546 133 36 41 38 
60 1261 150 647 58 1257 148 645 56 659 146 637 54 663 144 629 52 667 142 621 50 671 140 613 48 675 138 603 46 559 136 565 44 555 134 543 42 39 132 35 
649 152 1259 1262 1273 654 1181 1138 657 644 639 1020 641 636 631 916 633 628 623 824 625 620 615 742 617 612 605 680 561 602 563 586 557 566 545 554 547 130 37 40 
1260 61 1272 653 1256 1265 1268 655 1180 1137 660 643 662 1019 664 635 666 915 668 627 670 823 672 619 674 741 676 611 606 681 608 599 564 585 556 567 542 539 34 131 
153 650 1263 1306 1267 1274 1255 1182 1139 656 1097 1044 1021 642 969 934 917 634 875 842 825 626 789 764 743 618 729 740 679 610 601 682 587 598 591 584 553 548 129 540 
62 1315 652 1271 1264 1305 1266 1269 1186 1179 1136 661 1096 1043 1018 665 968 933 914 669 874 841 822 673 788 763 744 677 728 607 712 609 600 683 588 551 568 541 538 33 
651 154 1311 1316 1307 1270 1275 1254 1183 1140 1109 1098 1045 1022 991 970 935 918 889 876 843 826 801 790 765 746 753 730 739 678 725 684 711 590 597 592 583 552 549 128 
1314 63 1322 1309 1312 1317 1304 1185 1214 1187 1178 1135 1108 1095 1042 1017 990 967 932 913 888 873 840 821 800 787 762 745 752 727 732 713 724 595 686 589 550 569 32 537 
155 1310 1313 1328 1321 1308 1213 1276 1253 1184 1141 1110 1099 1046 1023 992 971 936 919 890 877 844 827 802 791 766 747 754 731 738 749 726 685 710 699 596 593 582 127 520 
64 1329 1326 1323 1346 1337 1318 1303 1212 1215 1188 1177 1134 1107 1094 1041 1016 989 966 931 912 887 872 839 820 799 786 761 748 751 714 733 708 723 594 687 570 521 536 31 
1325 156 1347 1336 1327 1320 1345 1338 1277 1252 1175 1142 1111 1100 1047 1024 993 972 937 920 891 878 845 828 803 792 767 794 755 760 737 750 717 700 709 698 581 456 519 126 
1330 65 1324 1385 1350 1343 1340 1319 1302 1211 1216 1189 1176 1133 1106 1093 1040 1015 988 965 930 911 886 871 838 819 798 785 736 769 734 715 722 707 688 571 522 535 30 455 
157 1388 1335 1348 1341 1384 1351 1344 1339 1278 1251 1174 1143 1112 1101 1048 1025 994 973 938 921 892 879 846 829 804 793 768 795 756 759 718 701 716 697 580 457 518 125 460 
66 1331 1386 1389 1428 1349 1342 1381 1280 1301 1210 1217 1190 1105 1132 1039 1092 987 1014 929 964 885 910 837 870 797 818 757 784 735 770 721 706 689 572 523 534 459 454 29 
1387 158 1435 1334 1383 1396 1427 1352 1299 1354 1279 1250 1173 1144 1113 1102 1049 1026 995 974 939 922 893 880 847 830 805 796 773 758 705 702 719 696 579 458 517 424 461 124 
1332 67 1390 1459 1434 1429 1382 1397 1380 1281 1300 1209 1218 1191 1104 1131 1038 1091 986 1013 928 963 884 909 836 869 774 817 704 783 720 771 690 573 524 533 462 453 28 423 
159 1458 1333 1436 1395 1456 1433 1426 1353 1298 1355 1220 1249 1172 1145 1114 1103 1050 1027 996 975 940 923 894 881 848 831 806 781 772 703 576 695 578 463 516 425 466 123 428 
68 1391 1464 1457 1460 1437 1430 1379 1398 1413 1282 1247 1208 1219 1192 1087 1130 1037 1090 985 1012 927 962 883 908 835 868 775 816 693 782 691 574 525 532 465 452 427 422 27 
1463 160 1461 1394 1501 1432 1455 1438 1425 1378 1297 1356 1221 1248 1171 1146 1115 1088 1051 1028 997 976 941 924 895 882 849 832 807 780 575 694 577 464 515 426 467 388 429 122 
1392 69 1522 1465 1454 1473 1500 1431 1414 1399 1412 1283 1246 1207 1148 1193 1086 1129 1036 1089 984 1011 926 961 864 907 834 867 776 815 692 779 526 531 468 451 430 421 26 387 
161 1462 1393 1518 1523 1502 1453 1424 1439 1410 1377 1296 1357 1222 1195 1170 1147 1116 1085 1052 1029 998 977 942 925 896 865 850 833 808 777 530 469 514 431 472 389 434 121 392 
70 1521 1466 1525 1472 1517 1474 1499 1408 1415 1400 1411 1284 1245 1206 1149 1194 1079 1128 1035 1084 983 1010 903 960 863 906 811 866 529 814 527 778 471 450 433 420 391 386 25 
1467 162 1519 1548 1515 1524 1503 1452 1423 1440 1409 1376 1295 1358 1223 1196 1169 1082 1117 1080 1053 1030 999 978 943 904 897 862 851 812 809 470 513 432 473 390 435 368 393 120 
1520 71 1526 1471 1528 1547 1516 1475 1498 1407 1416 1401 1360 1285 1244 1205 1150 1127 1078 1083 1034 1057 982 1009 902 959 854 905 810 861 528 813 474 449 436 419 394 385 24 367 
163 1468 1591 1572 1549 1514 1529 1504 1451 1422 1441 1362 1375 1294 1359 1224 1197 1168 1081 1118 1067 1054 1031 1000 979 944 859 898 855 852 475 512 437 478 395 440 369 398 119 358 
72 1573 1470 1527 1590 1571 1546 1513 1476 1497 1406 1417 1402 1361 1286 1243 1204 1151 1126 1077 1056 1033 1058 981 1008 901 958 853 860 511 856 477 448 439 418 397 384 359 366 23 
1469 164 1597 1592 1569 1550 1511 1530 1505 1450 1421 1442 1363 1374 1293 1202 1225 1198 1167 1066 1119 1068 1055 1032 1001 980 945 858 899 476 509 438 479 396 441 370 399 334 357 118 
1600 73 1574 1581 1596 1589 1570 1545 1512 1477 1496 1405 1418 1403 1242 1287 1240 1203 1152 1125 1076 1065 1002 1059 954 1007 900 957 510 857 480 447 442 417 400 383 360 365 22 333 
165 1582 1593 1598 1587 1568 1551 1510 1531 1506 1449 1420 1443 1364 1373 1292 1201 1226 1199 1166 1073 1120 1069 1006 1003 956 489 946 481 508 443 416 401 382 371 364 335 356 117 338 
74 1599 1586 1575 1580 1595 1588 1563 1544 1495 1478 1493 1404 1419 1366 1241 1288 1239 1164 1153 1124 1075 1064 955 1060 953 1004 507 490 415 446 381 444 363 402 361 372 337 332 21 
1583 166 1579 1594 1585 1564 1567 1552 1509 1532 1507 1448 1365 1444 1291 1372 1231 1200 1227 1074 1165 1072 1121 1070 1005 506 951 488 947 482 491 404 409 380 373 336 355 300 339 116 
198 75 1584 1565 1576 1553 1562 1541 1558 1543 1494 1479 1492 1371 1234 1367 1238 1289 1232 1163 1154 1123 504 1063 952 1061 948 499 492 405 414 445 374 403 362 379 340 331 20 299 
167 1578 197 214 1561 1566 1557 1554 1535 1508 1533 1486 1447 1480 1445 1290 1233 1230 1161 1228 503 1158 1071 1122 505 500 487 950 483 494 375 410 377 408 341 354 301 350 115 314 
76 199 204 1577 1556 215 1540 1559 1542 225 1536 1491 1482 239 1370 1235 1368 1237 270 1159 1162 1155 280 501 1062 949 498 493 344 411 406 413 342 353 378 349 330 315 298 19 
203 168 183 196 213 1560 1555 224 1537 1534 1487 238 1485 1446 1481 246 269 1160 1229 254 279 502 1157 322 497 288 325 486 495 484 343 376 407 348 329 316 351 302 313 114 
184 77 200 205 216 191 212 1539 226 223 1490 1483 1488 233 240 1369 1236 253 266 271 1156 261 278 281 324 321 496 289 326 345 412 309 328 317 352 305 312 107 18 297 
169 202 185 182 195 206 217 190 211 1538 227 222 237 1484 247 232 245 268 255 252 265 272 323 260 277 290 287 320 485 308 327 318 347 306 311 106 303 296 113 100 
78 181 172 201 186 177 192 207 218 189 210 1489 228 221 234 241 248 231 244 267 256 251 262 273 282 259 276 291 286 319 346 307 310 105 304 295 112 99 108 17 
173 170 179 80 175 194 187 82 1 208 219 84 3 236 229 86 5 242 249 88 7 264 257 90 9 274 283 92 11 292 285 94 13 294 103 96 15 110 101 98 
180 79 174 171 178 81 176 193 188 83 2 209 220 85 4 235 230 87 6 243 250 89 8 263 258 91 10 275 284 93 12 293 104 95 14 111 102 97 16 109 
